 Nombre de cibles : 1601
 0  0.00 0.00 
 1  5.05 4.56
 2  3.85 7.75
 3  6.01 0.86
 4  9.12 15.52
 5  8.25 6.87
 6  6.53 2.40
 7  9.38 10.11
 8  9.82 6.58
 9  1.71 13.95
 10  4.23 9.94
 11  10.73 5.73
 12  3.33 8.55
 13  6.15 13.51
 14  14.14 7.38
 15  10.41 12.36
 16  7.94 15.46
 17  0.92 11.79
 18  7.20 6.93
 19  12.65 0.33
 20  6.45 4.90
 21  7.20 12.98
 22  7.30 0.59
 23  7.09 1.12
 24  7.17 8.80
 25  15.07 11.40
 26  2.74 9.80
 27  1.13 6.08
 28  2.35 7.28
 29  3.59 0.48
 30  14.66 14.00
 31  12.84 6.60
 32  13.46 13.76
 33  2.39 4.66
 34  4.69 15.05
 35  4.99 11.14
 36  3.94 12.19
 37  8.12 11.24
 38  12.78 15.21
 39  12.36 3.94
 40  8.01 11.43
 41  15.34 10.75
 42  5.23 0.46
 43  0.83 7.57
 44  7.74 4.42
 45  8.06 6.40
 46  2.42 4.90
 47  13.01 15.88
 48  2.66 15.40
 49  4.54 7.35
 50  14.45 9.53
 51  2.49 2.39
 52  5.72 10.61
 53  13.63 2.49
 54  9.82 10.00
 55  6.44 1.82
 56  5.43 5.77
 57  12.57 10.66
 58  6.24 13.40
 59  2.23 13.98
 60  1.83 10.29
 61  4.39 4.25
 62  15.19 1.40
 63  4.12 1.84
 64  0.80 8.66
 65  9.19 15.25
 66  2.19 11.68
 67  1.64 7.91
 68  6.29 15.27
 69  10.40 0.10
 70  9.27 0.84
 71  1.93 14.70
 72  6.61 14.50
 73  9.35 12.85
 74  11.90 11.58
 75  10.84 13.73
 76  5.87 15.22
 77  1.97 5.06
 78  0.62 6.10
 79  6.90 1.42
 80  14.76 0.10
 81  0.67 0.96
 82  11.78 2.31
 83  8.87 2.06
 84  1.58 3.27
 85  2.17 10.85
 86  4.11 4.09
 87  9.55 10.72
 88  2.59 2.90
 89  7.58 14.49
 90  14.48 2.41
 91  12.22 4.35
 92  1.64 14.20
 93  9.41 2.26
 94  4.30 0.32
 95  3.67 3.06
 96  0.41 4.34
 97  4.01 12.19
 98  6.65 12.88
 99  14.25 8.23
 100  0.15 0.42
 101  3.07 4.26
 102  4.51 12.62
 103  14.98 7.10
 104  15.52 6.56
 105  5.60 14.00
 106  8.97 1.82
 107  2.36 10.61
 108  0.02 11.77
 109  12.86 4.31
 110  12.09 0.54
 111  7.37 12.50
 112  4.88 11.39
 113  8.69 11.52
 114  8.27 6.94
 115  3.75 8.42
 116  7.36 6.82
 117  12.68 11.87
 118  3.44 11.66
 119  2.97 2.96
 120  2.22 8.56
 121  0.97 11.19
 122  10.38 3.32
 123  5.80 10.40
 124  15.09 2.67
 125  14.71 11.18
 126  3.20 6.08
 127  7.67 8.08
 128  1.47 0.36
 129  3.60 9.74
 130  7.30 7.35
 131  2.15 14.65
 132  14.18 14.83
 133  10.52 1.62
 134  10.49 13.49
 135  4.59 12.71
 136  6.05 5.55
 137  7.90 0.43
 138  8.88 13.70
 139  10.83 7.97
 140  0.36 9.54
 141  3.15 3.57
 142  15.62 10.82
 143  11.65 1.09
 144  11.18 15.25
 145  10.83 2.48
 146  6.61 12.98
 147  1.13 4.78
 148  11.81 11.65
 149  6.40 6.30
 150  9.14 10.99
 151  3.00 15.19
 152  0.54 10.90
 153  15.62 9.42
 154  8.60 10.45
 155  1.39 8.96
 156  4.00 4.54
 157  12.53 3.62
 158  15.36 8.18
 159  4.71 10.54
 160  7.43 15.54
 161  13.02 14.04
 162  12.52 14.15
 163  2.82 8.33
 164  9.80 9.23
 165  14.63 2.94
 166  4.22 1.63
 167  2.13 4.76
 168  12.53 1.75
 169  14.18 5.13
 170  12.21 15.57
 171  14.09 0.20
 172  4.11 10.62
 173  3.82 3.46
 174  2.80 8.53
 175  14.01 10.23
 176  8.07 11.03
 177  8.27 4.59
 178  9.18 11.09
 179  12.91 2.98
 180  4.32 11.54
 181  5.93 8.53
 182  13.17 8.06
 183  13.29 9.70
 184  9.81 11.47
 185  14.83 6.02
 186  11.04 12.92
 187  6.22 15.14
 188  7.54 10.04
 189  2.61 10.34
 190  2.57 0.61
 191  4.58 10.64
 192  11.64 12.85
 193  15.23 4.82
 194  7.94 12.14
 195  7.81 12.26
 196  7.68 13.73
 197  4.79 4.85
 198  5.79 2.08
 199  14.55 15.60
 200  13.55 13.38
 201  5.62 8.59
 202  10.30 11.84
 203  7.73 1.84
 204  5.88 10.34
 205  12.19 8.46
 206  10.95 0.76
 207  3.10 6.60
 208  13.61 2.33
 209  11.42 5.55
 210  14.47 3.23
 211  1.81 6.15
 212  0.96 6.59
 213  11.00 6.75
 214  8.67 9.55
 215  6.35 6.22
 216  6.93 11.97
 217  14.81 1.22
 218  7.81 6.54
 219  3.07 13.69
 220  0.88 15.25
 221  6.15 11.83
 222  0.02 9.25
 223  2.43 13.63
 224  11.57 13.85
 225  3.18 10.04
 226  1.08 4.99
 227  0.19 2.04
 228  11.58 11.19
 229  8.79 4.26
 230  4.74 15.15
 231  10.48 11.66
 232  11.12 9.29
 233  12.89 2.93
 234  15.83 15.95
 235  0.63 0.71
 236  15.21 6.78
 237  12.54 15.23
 238  0.02 14.97
 239  12.86 11.60
 240  12.82 0.04
 241  5.64 13.89
 242  5.02 5.83
 243  15.93 0.60
 244  1.02 8.72
 245  4.86 5.75
 246  7.87 15.34
 247  1.41 2.99
 248  8.63 14.30
 249  5.92 8.46
 250  14.25 6.55
 251  9.17 13.46
 252  13.33 5.71
 253  12.68 13.35
 254  4.68 9.54
 255  8.95 1.49
 256  9.57 14.58
 257  15.38 14.60
 258  4.41 15.31
 259  15.20 5.43
 260  8.04 4.06
 261  11.18 15.91
 262  3.40 12.59
 263  2.89 12.02
 264  10.89 8.81
 265  4.48 9.14
 266  15.36 13.65
 267  6.60 12.69
 268  3.35 3.28
 269  10.04 8.03
 270  12.82 2.98
 271  9.52 6.40
 272  1.57 8.90
 273  4.99 5.98
 274  8.22 4.19
 275  11.41 0.26
 276  8.25 6.59
 277  0.16 11.65
 278  3.18 3.05
 279  7.67 14.08
 280  11.87 12.15
 281  7.22 11.23
 282  9.80 13.82
 283  7.92 13.16
 284  1.11 1.96
 285  5.18 13.93
 286  4.94 14.71
 287  4.33 6.51
 288  7.61 9.32
 289  12.49 15.83
 290  13.52 7.90
 291  0.08 5.77
 292  14.49 0.24
 293  1.41 1.68
 294  3.30 9.08
 295  15.75 15.17
 296  5.24 6.97
 297  10.40 15.04
 298  4.80 2.32
 299  12.19 5.90
 300  4.28 1.38
 301  3.83 9.22
 302  0.08 8.16
 303  15.73 7.69
 304  1.48 12.22
 305  7.52 15.00
 306  4.12 7.61
 307  4.76 2.61
 308  7.85 6.18
 309  4.29 11.15
 310  15.26 4.04
 311  10.32 4.50
 312  11.02 4.72
 313  3.54 15.81
 314  7.04 15.73
 315  5.71 11.32
 316  1.11 9.55
 317  4.54 1.19
 318  1.71 4.28
 319  8.89 3.19
 320  0.50 0.41
 321  2.18 4.62
 322  8.02 6.95
 323  7.23 15.87
 324  13.12 11.52
 325  11.02 12.39
 326  15.57 5.34
 327  0.89 10.58
 328  10.06 4.42
 329  10.40 1.11
 330  4.16 0.11
 331  12.43 5.26
 332  9.66 0.97
 333  6.46 11.36
 334  5.25 15.35
 335  14.55 5.75
 336  15.76 0.73
 337  10.37 7.77
 338  7.68 1.60
 339  7.64 4.81
 340  13.12 2.66
 341  1.19 12.69
 342  8.00 2.08
 343  7.27 2.06
 344  6.50 1.67
 345  3.17 10.66
 346  1.78 15.60
 347  15.92 11.43
 348  0.57 6.38
 349  6.79 5.82
 350  5.73 5.34
 351  11.57 5.48
 352  6.08 5.94
 353  13.26 13.76
 354  7.54 4.90
 355  2.56 4.66
 356  7.56 3.75
 357  1.35 15.56
 358  5.83 8.62
 359  1.62 12.33
 360  10.29 4.79
 361  6.99 12.07
 362  4.39 6.92
 363  7.50 4.96
 364  13.30 14.29
 365  10.78 3.02
 366  3.63 6.35
 367  8.51 9.71
 368  12.29 5.76
 369  7.46 3.83
 370  10.66 10.02
 371  8.49 2.22
 372  13.78 9.84
 373  1.78 3.61
 374  2.46 3.40
 375  15.94 12.74
 376  8.19 6.94
 377  8.81 12.58
 378  13.85 0.31
 379  1.54 11.15
 380  14.60 12.32
 381  14.17 2.23
 382  2.68 6.68
 383  11.94 14.97
 384  12.44 3.40
 385  2.79 7.10
 386  13.43 11.28
 387  9.32 11.20
 388  5.12 11.10
 389  14.81 7.57
 390  14.51 14.76
 391  4.32 6.70
 392  5.69 13.12
 393  3.28 3.54
 394  13.43 4.82
 395  14.69 12.03
 396  1.14 12.86
 397  14.26 3.81
 398  3.54 10.20
 399  2.78 15.98
 400  13.60 5.57
 401  7.09 11.03
 402  0.85 0.41
 403  6.23 5.97
 404  11.52 5.04
 405  13.54 10.02
 406  3.80 1.86
 407  0.72 9.49
 408  14.98 4.00
 409  13.04 12.41
 410  8.81 11.73
 411  8.44 9.95
 412  8.59 6.70
 413  13.76 12.13
 414  0.90 0.55
 415  12.12 14.50
 416  6.12 3.21
 417  9.52 6.97
 418  3.62 15.75
 419  12.94 15.14
 420  4.80 10.48
 421  9.16 8.60
 422  12.34 9.88
 423  2.09 11.32
 424  13.88 15.13
 425  7.73 6.69
 426  10.86 0.17
 427  0.64 3.45
 428  6.87 14.40
 429  15.58 7.77
 430  14.95 11.70
 431  6.26 5.07
 432  14.90 15.79
 433  12.04 2.53
 434  15.54 8.99
 435  1.66 4.34
 436  3.47 10.83
 437  12.94 15.81
 438  4.71 15.03
 439  11.13 2.59
 440  14.17 2.87
 441  9.28 9.03
 442  3.04 9.92
 443  12.48 9.91
 444  8.33 12.06
 445  1.67 7.28
 446  7.76 7.94
 447  12.35 6.66
 448  7.72 8.39
 449  9.19 7.26
 450  1.38 10.85
 451  11.60 4.85
 452  5.68 8.54
 453  4.66 10.39
 454  7.57 15.80
 455  12.98 5.74
 456  2.67 6.26
 457  14.77 5.70
 458  0.19 11.24
 459  15.61 8.51
 460  7.30 1.28
 461  15.79 15.06
 462  9.22 12.14
 463  5.72 0.94
 464  4.52 14.91
 465  8.20 5.90
 466  9.76 3.80
 467  10.75 15.44
 468  12.34 15.42
 469  9.83 3.92
 470  15.22 6.81
 471  9.66 1.88
 472  13.08 8.42
 473  7.59 13.26
 474  3.66 7.20
 475  5.78 10.96
 476  8.48 5.57
 477  10.02 1.70
 478  1.70 15.74
 479  2.64 6.23
 480  14.65 10.85
 481  12.13 8.41
 482  14.65 6.88
 483  7.84 10.99
 484  6.30 1.67
 485  14.91 5.52
 486  8.49 8.57
 487  7.40 5.56
 488  0.99 14.99
 489  2.83 4.65
 490  6.18 8.60
 491  15.62 14.66
 492  14.17 9.64
 493  0.36 15.87
 494  9.38 3.01
 495  6.09 8.03
 496  13.86 2.22
 497  0.44 12.51
 498  9.11 8.28
 499  7.50 15.41
 500  9.95 6.41
 501  4.92 2.44
 502  14.98 12.32
 503  8.00 15.96
 504  11.31 10.83
 505  4.62 1.49
 506  3.43 4.23
 507  0.15 1.60
 508  13.87 0.52
 509  1.47 7.25
 510  3.53 7.56
 511  15.28 1.38
 512  9.78 15.72
 513  13.89 2.89
 514  8.00 5.39
 515  2.29 1.95
 516  11.80 7.22
 517  4.39 10.78
 518  3.54 12.40
 519  10.74 14.85
 520  7.22 15.36
 521  0.34 10.65
 522  3.59 0.49
 523  12.25 1.46
 524  1.01 13.72
 525  8.72 4.54
 526  5.28 8.00
 527  5.92 15.06
 528  7.72 3.81
 529  1.95 15.72
 530  9.20 4.24
 531  1.67 5.00
 532  11.46 6.06
 533  15.77 15.00
 534  2.46 10.51
 535  13.85 9.68
 536  9.87 14.19
 537  4.34 13.46
 538  14.68 0.59
 539  14.92 15.69
 540  14.30 7.64
 541  4.22 3.58
 542  15.64 10.14
 543  2.64 7.35
 544  13.95 4.58
 545  7.07 7.14
 546  8.83 8.74
 547  12.14 4.28
 548  14.80 11.91
 549  3.28 1.26
 550  6.43 1.13
 551  10.95 0.29
 552  15.32 15.28
 553  13.75 13.99
 554  15.87 12.67
 555  13.68 14.17
 556  4.30 1.90
 557  1.75 3.94
 558  12.04 4.39
 559  11.29 9.99
 560  8.98 2.36
 561  1.13 1.80
 562  11.10 13.28
 563  6.08 9.90
 564  9.19 9.37
 565  11.17 15.62
 566  10.50 6.11
 567  15.91 9.81
 568  5.39 13.66
 569  7.80 5.26
 570  10.32 5.48
 571  3.44 14.63
 572  7.38 5.19
 573  2.57 3.42
 574  9.58 13.86
 575  13.41 2.56
 576  0.22 14.55
 577  4.36 11.32
 578  11.82 10.44
 579  5.22 5.01
 580  3.81 0.39
 581  4.63 14.30
 582  6.50 4.53
 583  8.12 11.90
 584  2.19 15.92
 585  1.16 12.52
 586  5.40 4.60
 587  11.14 12.79
 588  9.79 13.71
 589  0.21 3.37
 590  11.56 13.62
 591  5.93 11.78
 592  12.17 10.29
 593  7.10 7.99
 594  4.73 12.33
 595  13.00 8.54
 596  12.72 1.63
 597  6.84 3.22
 598  6.16 14.96
 599  15.12 8.35
 600  14.88 0.28
 601  4.87 4.28
 602  4.87 0.01
 603  1.06 14.66
 604  13.72 1.27
 605  2.03 9.28
 606  14.89 7.96
 607  5.07 11.06
 608  2.24 12.17
 609  3.05 6.97
 610  8.50 0.05
 611  15.51 5.21
 612  1.68 6.35
 613  8.44 7.84
 614  5.30 7.55
 615  0.20 4.18
 616  7.83 5.06
 617  8.46 12.70
 618  5.07 9.52
 619  11.36 2.79
 620  10.79 13.39
 621  12.08 9.68
 622  5.34 1.14
 623  4.75 7.59
 624  13.31 7.80
 625  14.55 5.81
 626  7.86 14.06
 627  11.02 9.54
 628  4.41 3.46
 629  1.38 9.71
 630  11.01 1.58
 631  13.89 2.83
 632  6.64 6.34
 633  15.53 11.72
 634  15.86 10.89
 635  14.51 10.65
 636  8.28 10.59
 637  4.33 13.63
 638  11.73 9.08
 639  5.21 9.04
 640  0.88 3.76
 641  14.84 8.74
 642  1.82 9.86
 643  2.28 6.23
 644  13.32 3.66
 645  15.94 8.32
 646  5.24 13.82
 647  11.16 11.88
 648  4.16 10.69
 649  7.60 4.02
 650  5.58 6.11
 651  14.67 13.86
 652  0.69 3.01
 653  11.49 12.42
 654  12.09 0.70
 655  5.45 12.98
 656  4.46 4.29
 657  5.72 6.28
 658  14.15 8.00
 659  12.51 11.47
 660  11.66 12.45
 661  3.79 0.89
 662  10.27 14.95
 663  12.77 14.43
 664  9.64 4.37
 665  2.46 15.22
 666  10.47 1.13
 667  13.09 11.16
 668  4.14 8.58
 669  7.58 0.23
 670  9.28 13.03
 671  13.21 13.74
 672  1.33 2.93
 673  4.02 15.48
 674  10.92 0.54
 675  10.95 6.58
 676  12.98 14.75
 677  7.47 7.25
 678  13.70 4.24
 679  5.69 7.34
 680  8.61 8.14
 681  6.56 3.08
 682  9.28 3.65
 683  14.25 13.42
 684  12.23 5.83
 685  13.65 5.50
 686  2.87 10.86
 687  3.24 4.19
 688  13.79 7.26
 689  3.67 8.72
 690  7.80 14.63
 691  15.30 4.78
 692  13.37 6.77
 693  12.03 11.07
 694  11.01 1.72
 695  2.40 3.62
 696  9.86 8.96
 697  6.71 3.14
 698  12.61 4.96
 699  0.56 8.84
 700  10.79 14.21
 701  14.34 13.65
 702  9.08 1.58
 703  1.85 6.87
 704  8.84 5.52
 705  15.58 0.64
 706  4.15 14.88
 707  5.42 1.52
 708  5.65 1.45
 709  12.58 0.66
 710  3.17 14.99
 711  4.29 13.04
 712  7.95 11.00
 713  0.18 4.56
 714  15.95 0.74
 715  13.40 10.74
 716  14.95 11.74
 717  8.40 8.02
 718  13.32 10.24
 719  14.89 6.16
 720  15.76 14.48
 721  6.80 3.91
 722  13.36 12.22
 723  5.43 3.01
 724  13.67 2.01
 725  3.67 0.85
 726  1.00 7.96
 727  13.88 8.95
 728  2.95 14.06
 729  13.51 2.90
 730  14.80 10.91
 731  13.65 13.75
 732  6.65 6.04
 733  5.77 3.97
 734  0.28 4.67
 735  10.13 0.05
 736  3.14 0.93
 737  3.95 0.50
 738  13.15 9.38
 739  3.50 10.82
 740  11.39 7.17
 741  11.67 12.39
 742  15.13 9.55
 743  5.33 2.08
 744  7.61 2.84
 745  4.98 6.41
 746  13.76 2.63
 747  4.16 4.41
 748  8.67 9.93
 749  8.38 8.95
 750  14.60 2.52
 751  9.00 1.74
 752  3.45 12.96
 753  2.24 0.60
 754  6.34 5.74
 755  11.43 1.73
 756  12.92 7.09
 757  14.11 12.05
 758  0.65 3.45
 759  14.13 8.26
 760  6.29 3.11
 761  14.67 4.04
 762  5.74 2.83
 763  8.45 14.41
 764  12.77 0.84
 765  7.37 11.36
 766  3.35 0.37
 767  13.11 6.80
 768  13.33 15.34
 769  7.40 3.66
 770  5.09 2.83
 771  5.39 2.00
 772  9.92 3.50
 773  14.05 10.57
 774  6.95 12.18
 775  2.83 13.24
 776  15.29 1.50
 777  1.28 5.03
 778  4.33 9.73
 779  3.44 1.09
 780  10.57 10.81
 781  12.46 13.92
 782  11.18 9.56
 783  4.73 8.51
 784  8.91 12.13
 785  12.17 13.99
 786  14.96 1.56
 787  16.00 8.88
 788  5.06 14.05
 789  3.45 12.00
 790  10.22 6.28
 791  9.24 9.51
 792  7.78 10.52
 793  14.54 12.11
 794  4.25 1.98
 795  13.20 14.82
 796  12.79 9.66
 797  12.75 7.97
 798  3.22 1.47
 799  0.48 12.13
 800  13.61 12.64
 801  10.12 12.57
 802  14.20 10.12
 803  5.45 3.26
 804  8.16 8.90
 805  15.26 2.38
 806  15.18 8.50
 807  11.89 6.96
 808  3.02 10.43
 809  3.07 7.27
 810  12.41 0.27
 811  6.09 9.20
 812  9.92 2.84
 813  1.17 13.14
 814  4.31 1.65
 815  9.27 1.92
 816  14.29 3.39
 817  14.49 12.49
 818  13.51 3.94
 819  15.75 5.67
 820  12.84 15.01
 821  8.06 12.02
 822  7.50 3.95
 823  2.98 10.52
 824  14.38 6.05
 825  1.79 10.79
 826  6.32 7.88
 827  3.99 0.24
 828  10.72 5.16
 829  13.38 15.03
 830  6.81 6.65
 831  0.95 5.10
 832  10.04 15.44
 833  1.59 7.55
 834  3.37 1.34
 835  13.22 0.21
 836  0.35 5.28
 837  12.24 7.85
 838  9.23 15.22
 839  2.37 7.61
 840  5.27 4.15
 841  2.41 11.59
 842  12.03 6.40
 843  11.83 6.75
 844  11.56 9.21
 845  5.78 2.37
 846  15.86 6.73
 847  7.47 9.90
 848  6.16 9.06
 849  1.45 9.54
 850  10.41 14.68
 851  9.75 10.75
 852  3.96 5.98
 853  2.60 13.19
 854  5.20 4.97
 855  4.81 10.47
 856  9.13 7.21
 857  6.06 5.16
 858  13.61 1.89
 859  11.90 9.17
 860  11.09 1.68
 861  11.53 10.95
 862  8.41 3.01
 863  4.85 14.57
 864  12.07 6.30
 865  8.11 6.48
 866  4.98 1.86
 867  1.23 8.94
 868  7.84 3.83
 869  6.13 13.05
 870  8.80 10.94
 871  7.52 1.93
 872  2.15 13.58
 873  7.09 15.76
 874  15.47 2.99
 875  8.93 10.56
 876  4.67 4.46
 877  5.51 13.08
 878  7.47 10.36
 879  11.66 3.54
 880  0.66 3.77
 881  10.01 5.64
 882  5.63 11.24
 883  14.57 13.47
 884  15.07 4.70
 885  10.52 7.87
 886  15.64 2.04
 887  9.80 1.79
 888  15.62 0.89
 889  1.55 15.09
 890  3.88 10.48
 891  9.65 8.55
 892  14.94 15.16
 893  5.63 6.40
 894  9.52 1.29
 895  9.94 10.18
 896  5.06 3.95
 897  15.81 10.68
 898  15.19 14.39
 899  8.15 14.26
 900  3.09 2.67
 901  6.13 2.73
 902  4.71 15.93
 903  4.52 4.33
 904  0.82 6.07
 905  3.41 4.69
 906  0.55 13.06
 907  13.24 15.48
 908  12.22 2.87
 909  5.89 5.73
 910  4.16 15.82
 911  15.91 9.22
 912  3.77 15.72
 913  3.90 2.96
 914  14.11 12.06
 915  1.22 1.20
 916  14.73 7.35
 917  3.93 3.43
 918  7.29 8.45
 919  7.76 8.10
 920  14.53 11.18
 921  12.80 15.08
 922  8.24 10.04
 923  14.56 4.45
 924  12.92 4.44
 925  10.18 1.08
 926  4.27 10.09
 927  10.30 8.04
 928  9.81 14.20
 929  11.00 7.92
 930  10.26 12.22
 931  9.12 8.98
 932  3.58 13.05
 933  12.42 10.86
 934  5.51 4.18
 935  2.97 4.03
 936  15.35 15.77
 937  3.11 7.59
 938  9.81 1.67
 939  12.04 6.73
 940  6.11 6.22
 941  7.81 10.38
 942  0.31 2.11
 943  2.42 10.12
 944  0.31 13.42
 945  2.04 10.57
 946  9.65 11.16
 947  3.55 13.22
 948  8.21 15.97
 949  8.09 13.72
 950  4.15 11.06
 951  1.75 3.50
 952  10.82 4.86
 953  11.09 4.63
 954  6.53 7.13
 955  11.36 12.64
 956  13.35 3.16
 957  7.02 13.67
 958  5.27 9.44
 959  7.79 5.58
 960  6.87 9.83
 961  0.14 0.51
 962  5.00 3.69
 963  13.74 13.21
 964  3.66 5.83
 965  10.93 7.80
 966  0.88 12.68
 967  11.30 11.71
 968  1.55 6.39
 969  0.34 8.08
 970  13.52 11.70
 971  4.72 10.88
 972  14.86 11.74
 973  8.54 4.13
 974  5.18 0.33
 975  9.71 12.05
 976  10.17 9.85
 977  12.57 15.17
 978  13.54 10.31
 979  12.38 1.19
 980  0.13 7.31
 981  9.00 1.02
 982  3.99 4.30
 983  12.73 5.53
 984  10.69 13.07
 985  13.61 8.21
 986  8.77 2.33
 987  3.09 7.63
 988  14.07 11.63
 989  11.76 3.25
 990  11.96 5.46
 991  15.31 6.13
 992  15.31 11.87
 993  5.30 12.85
 994  6.18 1.68
 995  14.04 6.31
 996  8.98 7.04
 997  7.33 12.97
 998  11.34 4.06
 999  2.51 6.03
 1000  1.13 0.12
 1001  14.24 9.89
 1002  2.45 1.32
 1003  1.52 0.51
 1004  12.95 13.28
 1005  3.77 8.92
 1006  2.75 3.07
 1007  15.05 2.06
 1008  14.95 4.35
 1009  14.91 5.12
 1010  6.03 12.95
 1011  11.43 15.01
 1012  3.99 2.76
 1013  11.98 15.32
 1014  6.82 14.48
 1015  5.35 7.95
 1016  14.60 3.59
 1017  1.84 1.05
 1018  4.91 3.36
 1019  1.56 1.86
 1020  0.64 5.33
 1021  10.78 3.39
 1022  8.40 9.83
 1023  5.45 7.35
 1024  14.18 4.35
 1025  12.47 4.21
 1026  1.30 7.91
 1027  3.21 5.29
 1028  10.67 15.19
 1029  4.61 1.49
 1030  13.67 9.96
 1031  9.44 12.27
 1032  13.55 11.28
 1033  13.32 2.46
 1034  14.64 14.88
 1035  4.32 15.28
 1036  4.21 15.10
 1037  2.67 12.61
 1038  8.93 8.12
 1039  3.96 7.11
 1040  12.47 0.44
 1041  11.32 13.78
 1042  8.34 14.53
 1043  3.07 3.02
 1044  13.72 7.68
 1045  4.51 11.39
 1046  1.64 13.95
 1047  7.67 15.19
 1048  9.23 4.99
 1049  1.65 7.86
 1050  3.87 5.97
 1051  7.15 8.08
 1052  5.07 9.82
 1053  4.69 14.00
 1054  1.94 8.65
 1055  5.11 14.41
 1056  9.09 0.42
 1057  12.19 1.43
 1058  14.95 15.26
 1059  4.45 12.67
 1060  6.94 8.96
 1061  8.06 8.58
 1062  6.90 15.73
 1063  7.77 0.13
 1064  4.72 9.42
 1065  7.99 8.59
 1066  15.39 15.14
 1067  0.66 4.45
 1068  8.96 5.35
 1069  2.45 10.90
 1070  14.00 7.56
 1071  9.31 7.09
 1072  7.98 5.50
 1073  8.52 6.94
 1074  4.76 12.96
 1075  3.61 11.69
 1076  5.92 11.67
 1077  4.27 12.83
 1078  11.40 12.04
 1079  12.96 0.12
 1080  5.46 4.95
 1081  8.71 4.84
 1082  4.09 9.37
 1083  9.29 13.05
 1084  14.72 11.74
 1085  7.95 12.72
 1086  3.30 1.26
 1087  3.80 11.29
 1088  6.76 12.32
 1089  2.22 11.51
 1090  9.29 5.83
 1091  7.20 15.21
 1092  1.50 11.47
 1093  12.03 12.90
 1094  7.51 8.99
 1095  13.02 12.97
 1096  13.94 5.73
 1097  1.81 2.03
 1098  15.09 11.10
 1099  15.08 13.81
 1100  6.85 7.03
 1101  10.53 10.15
 1102  8.29 14.33
 1103  5.44 15.04
 1104  10.65 7.66
 1105  10.56 3.94
 1106  13.49 1.76
 1107  3.15 14.99
 1108  13.23 15.18
 1109  11.89 4.74
 1110  8.17 8.91
 1111  1.71 6.11
 1112  14.64 3.52
 1113  8.14 13.74
 1114  14.62 7.23
 1115  11.55 5.46
 1116  14.25 6.08
 1117  15.61 6.54
 1118  4.41 5.05
 1119  5.58 15.06
 1120  12.71 0.14
 1121  3.00 10.20
 1122  1.90 6.15
 1123  9.19 15.13
 1124  5.33 5.08
 1125  3.88 13.50
 1126  13.99 5.59
 1127  3.62 12.64
 1128  9.11 11.76
 1129  10.37 7.73
 1130  2.99 5.92
 1131  13.19 1.24
 1132  12.00 12.81
 1133  7.78 0.41
 1134  1.86 13.37
 1135  15.47 14.56
 1136  13.51 2.48
 1137  8.76 15.41
 1138  8.63 1.95
 1139  14.54 13.96
 1140  7.03 2.42
 1141  11.46 5.02
 1142  8.00 15.08
 1143  1.66 1.11
 1144  10.84 12.03
 1145  8.84 13.83
 1146  1.96 6.03
 1147  15.07 13.96
 1148  2.83 6.85
 1149  14.37 4.69
 1150  4.22 13.84
 1151  3.25 1.72
 1152  0.32 12.02
 1153  1.13 8.94
 1154  13.96 15.67
 1155  6.90 4.99
 1156  2.08 2.36
 1157  10.01 10.09
 1158  1.44 11.67
 1159  11.20 12.28
 1160  7.71 4.03
 1161  10.11 9.66
 1162  10.06 9.18
 1163  7.62 12.90
 1164  0.03 5.99
 1165  1.59 4.24
 1166  3.83 4.84
 1167  5.97 4.15
 1168  0.86 7.10
 1169  13.10 14.82
 1170  6.76 4.00
 1171  3.81 8.85
 1172  6.36 13.83
 1173  2.93 7.80
 1174  9.50 14.13
 1175  4.09 1.21
 1176  2.16 14.20
 1177  10.87 12.22
 1178  7.37 2.49
 1179  9.12 7.40
 1180  8.48 10.71
 1181  11.64 12.32
 1182  15.55 1.61
 1183  0.47 0.41
 1184  8.70 13.56
 1185  15.23 15.47
 1186  1.56 3.05
 1187  8.31 7.92
 1188  0.88 11.24
 1189  15.73 10.38
 1190  9.37 3.81
 1191  11.58 11.53
 1192  2.01 6.46
 1193  7.75 9.38
 1194  8.95 0.88
 1195  0.78 1.43
 1196  11.59 12.42
 1197  13.75 11.14
 1198  14.03 14.22
 1199  11.55 6.73
 1200  11.78 10.78
 1201  6.20 13.34
 1202  13.83 14.51
 1203  5.26 14.70
 1204  9.75 4.99
 1205  9.08 3.12
 1206  8.80 4.66
 1207  14.65 10.82
 1208  11.12 6.40
 1209  4.20 4.07
 1210  7.28 4.98
 1211  5.50 2.87
 1212  1.40 3.25
 1213  14.00 15.43
 1214  1.46 9.55
 1215  6.16 13.24
 1216  4.33 12.36
 1217  10.58 2.16
 1218  10.86 15.84
 1219  0.86 4.61
 1220  4.83 9.94
 1221  7.73 13.64
 1222  14.60 6.38
 1223  8.45 9.72
 1224  12.79 12.65
 1225  13.79 4.07
 1226  1.63 3.29
 1227  6.93 3.03
 1228  6.54 4.93
 1229  2.46 8.00
 1230  14.49 8.62
 1231  5.24 2.82
 1232  4.97 15.82
 1233  4.97 15.84
 1234  15.67 5.83
 1235  4.45 4.50
 1236  15.77 12.19
 1237  2.14 14.37
 1238  2.57 10.59
 1239  8.09 15.35
 1240  7.25 5.88
 1241  3.42 8.88
 1242  9.17 10.35
 1243  11.91 15.70
 1244  15.28 14.36
 1245  7.70 13.77
 1246  6.98 12.94
 1247  0.59 11.95
 1248  12.77 5.56
 1249  11.79 12.44
 1250  11.39 0.24
 1251  0.94 11.16
 1252  12.42 3.08
 1253  9.54 14.99
 1254  13.67 1.63
 1255  14.35 4.92
 1256  7.51 1.76
 1257  13.79 0.68
 1258  12.11 9.70
 1259  0.38 11.40
 1260  8.06 8.09
 1261  9.17 15.04
 1262  5.03 9.75
 1263  10.99 1.80
 1264  15.31 6.78
 1265  14.23 10.70
 1266  7.02 15.17
 1267  5.87 3.44
 1268  2.25 15.41
 1269  2.43 15.92
 1270  1.03 0.78
 1271  4.84 8.54
 1272  2.54 2.63
 1273  9.22 14.66
 1274  12.33 9.61
 1275  10.05 4.40
 1276  1.69 3.22
 1277  3.44 6.72
 1278  12.97 14.43
 1279  8.52 12.29
 1280  5.21 6.75
 1281  6.99 12.22
 1282  5.92 12.86
 1283  15.66 8.17
 1284  12.26 2.10
 1285  8.09 13.30
 1286  2.87 12.93
 1287  5.84 5.42
 1288  15.56 15.07
 1289  4.07 11.89
 1290  8.67 14.13
 1291  0.29 10.36
 1292  1.35 3.72
 1293  1.08 14.32
 1294  2.15 9.60
 1295  10.61 7.36
 1296  0.35 1.60
 1297  3.58 6.28
 1298  14.46 3.25
 1299  14.45 10.72
 1300  5.34 6.54
 1301  8.02 8.22
 1302  3.46 13.86
 1303  13.63 3.02
 1304  12.93 1.71
 1305  14.92 5.60
 1306  15.84 15.20
 1307  15.96 1.19
 1308  2.93 1.05
 1309  15.51 5.08
 1310  10.65 10.12
 1311  12.44 11.00
 1312  11.72 0.02
 1313  1.28 10.18
 1314  3.26 15.73
 1315  4.90 8.61
 1316  6.27 12.92
 1317  0.82 9.73
 1318  10.78 14.46
 1319  12.76 7.71
 1320  0.16 11.67
 1321  13.31 0.00
 1322  10.88 13.28
 1323  1.19 13.81
 1324  14.32 0.70
 1325  2.89 8.97
 1326  10.83 15.32
 1327  3.97 6.55
 1328  15.34 5.26
 1329  0.73 2.61
 1330  4.98 5.64
 1331  11.22 11.25
 1332  2.56 12.04
 1333  4.98 13.34
 1334  10.49 1.74
 1335  5.06 10.66
 1336  13.41 2.37
 1337  10.66 8.29
 1338  15.65 11.85
 1339  6.09 13.97
 1340  12.56 8.98
 1341  6.94 7.38
 1342  8.30 10.92
 1343  13.94 7.65
 1344  0.17 14.67
 1345  10.26 5.16
 1346  4.30 5.47
 1347  0.41 6.86
 1348  1.51 5.39
 1349  4.20 12.01
 1350  7.13 9.26
 1351  6.67 4.54
 1352  11.63 1.33
 1353  12.83 11.28
 1354  13.18 2.92
 1355  9.25 9.74
 1356  11.90 0.19
 1357  1.12 4.21
 1358  11.10 15.06
 1359  11.86 11.28
 1360  13.73 6.11
 1361  0.43 2.03
 1362  11.59 0.84
 1363  8.89 13.10
 1364  6.23 13.09
 1365  9.10 13.36
 1366  6.35 15.77
 1367  1.90 1.98
 1368  1.10 14.73
 1369  13.25 14.28
 1370  1.65 6.50
 1371  8.02 13.55
 1372  6.69 9.14
 1373  1.76 1.79
 1374  8.20 13.61
 1375  13.07 5.92
 1376  3.72 13.50
 1377  7.95 15.31
 1378  14.34 0.84
 1379  12.41 4.57
 1380  13.94 5.51
 1381  1.93 4.29
 1382  5.28 3.83
 1383  6.27 6.38
 1384  2.56 3.52
 1385  4.66 4.21
 1386  10.02 12.67
 1387  1.76 0.71
 1388  5.81 3.51
 1389  2.50 14.01
 1390  1.12 15.57
 1391  3.93 4.84
 1392  13.07 11.88
 1393  4.15 11.41
 1394  12.73 0.56
 1395  15.99 10.67
 1396  6.07 1.92
 1397  14.95 11.36
 1398  5.75 5.22
 1399  1.73 8.31
 1400  8.75 6.39
 1401  12.51 2.77
 1402  3.06 14.27
 1403  3.48 8.88
 1404  1.78 5.98
 1405  6.88 2.90
 1406  5.55 10.81
 1407  7.75 2.63
 1408  6.70 11.90
 1409  14.04 3.43
 1410  12.47 14.03
 1411  14.09 2.54
 1412  15.94 13.05
 1413  13.89 5.69
 1414  2.27 15.63
 1415  14.00 11.01
 1416  6.02 10.51
 1417  13.78 9.08
 1418  8.78 1.26
 1419  1.96 10.57
 1420  7.25 8.84
 1421  13.47 12.80
 1422  3.66 5.22
 1423  15.43 10.36
 1424  1.12 13.47
 1425  13.78 13.59
 1426  11.49 11.88
 1427  0.13 11.43
 1428  8.92 14.02
 1429  1.13 11.19
 1430  13.65 15.13
 1431  6.21 3.67
 1432  9.64 3.99
 1433  12.76 2.42
 1434  5.25 14.72
 1435  12.99 12.50
 1436  7.56 10.46
 1437  9.30 11.22
 1438  15.68 8.72
 1439  5.57 0.80
 1440  6.19 3.36
 1441  14.39 1.68
 1442  15.23 14.52
 1443  13.12 8.15
 1444  12.54 14.24
 1445  3.35 10.19
 1446  13.37 9.55
 1447  13.86 7.01
 1448  13.54 10.62
 1449  9.43 2.80
 1450  9.33 6.42
 1451  15.29 0.89
 1452  0.88 8.59
 1453  12.11 0.56
 1454  1.31 1.68
 1455  1.37 7.50
 1456  5.04 15.76
 1457  9.19 4.27
 1458  14.27 6.30
 1459  12.43 10.81
 1460  4.54 15.77
 1461  5.00 1.91
 1462  9.33 2.86
 1463  8.92 6.87
 1464  13.48 2.35
 1465  9.67 6.81
 1466  8.77 8.96
 1467  7.70 9.65
 1468  1.55 3.81
 1469  10.22 2.87
 1470  5.49 11.58
 1471  10.37 10.53
 1472  11.34 3.56
 1473  14.80 9.61
 1474  9.86 11.23
 1475  4.42 14.40
 1476  11.00 9.42
 1477  0.31 4.33
 1478  12.28 9.23
 1479  11.20 9.76
 1480  11.58 4.87
 1481  0.57 4.36
 1482  13.83 8.27
 1483  14.01 15.38
 1484  12.08 8.23
 1485  2.25 1.57
 1486  3.81 12.62
 1487  12.11 15.15
 1488  0.18 10.91
 1489  8.76 10.03
 1490  6.14 13.18
 1491  8.44 1.15
 1492  6.60 8.75
 1493  5.48 2.88
 1494  1.98 0.68
 1495  12.64 13.57
 1496  5.55 13.21
 1497  1.92 3.39
 1498  5.48 15.93
 1499  2.77 1.56
 1500  8.16 5.02
 1501  3.13 11.97
 1502  1.64 15.24
 1503  11.12 1.82
 1504  10.15 3.88
 1505  11.85 0.29
 1506  1.06 4.29
 1507  1.44 7.67
 1508  13.04 6.92
 1509  10.55 15.02
 1510  7.60 7.19
 1511  12.59 13.16
 1512  4.40 14.51
 1513  0.54 9.88
 1514  14.45 3.32
 1515  11.44 6.61
 1516  8.34 14.57
 1517  2.58 9.98
 1518  13.81 13.70
 1519  11.80 7.96
 1520  1.58 7.66
 1521  8.26 2.64
 1522  11.95 9.70
 1523  10.31 8.99
 1524  0.62 4.86
 1525  8.01 8.23
 1526  12.05 4.60
 1527  5.38 0.45
 1528  3.11 5.93
 1529  10.33 1.56
 1530  9.24 5.77
 1531  8.17 1.58
 1532  4.34 10.75
 1533  11.56 2.16
 1534  8.45 7.36
 1535  10.12 10.03
 1536  15.02 2.38
 1537  12.67 10.97
 1538  12.08 6.98
 1539  3.95 12.70
 1540  11.84 11.96
 1541  4.92 7.90
 1542  0.56 10.31
 1543  8.35 3.67
 1544  0.24 2.68
 1545  5.23 9.48
 1546  8.46 13.40
 1547  11.06 12.80
 1548  8.14 6.62
 1549  14.96 0.59
 1550  13.98 9.07
 1551  10.62 13.00
 1552  11.45 7.30
 1553  7.97 7.53
 1554  14.28 11.92
 1555  4.23 10.12
 1556  7.88 9.15
 1557  2.02 8.44
 1558  3.46 10.37
 1559  12.11 3.69
 1560  13.05 1.34
 1561  13.17 5.51
 1562  14.73 8.23
 1563  2.31 6.88
 1564  14.85 1.27
 1565  7.47 12.84
 1566  10.34 2.09
 1567  9.84 5.79
 1568  9.39 1.81
 1569  13.32 7.66
 1570  13.73 1.55
 1571  1.79 5.61
 1572  10.70 3.81
 1573  14.05 14.15
 1574  14.18 10.15
 1575  1.85 11.23
 1576  11.49 15.02
 1577  0.74 10.22
 1578  7.25 3.05
 1579  1.10 6.10
 1580  4.32 8.57
 1581  2.94 14.66
 1582  10.66 12.78
 1583  4.46 4.04
 1584  14.59 1.78
 1585  11.71 12.32
 1586  3.33 13.49
 1587  1.93 14.02
 1588  1.30 15.97
 1589  12.18 15.48
 1590  10.13 14.03
 1591  10.71 5.62
 1592  13.04 11.45
 1593  15.84 4.29
 1594  14.50 0.94
 1595  10.39 2.82
 1596  9.50 13.32
 1597  1.49 4.16
 1598  10.10 5.94
 1599  8.20 8.69
 1600  7.72 3.90;
